(BSplineTransformSplineOrder 3)
(Direction 1 0 0 1)
(FixedImageDimension 2)
(FixedInternalImagePixelType "float")
(GridDirection 1 0 0 1)
(GridIndex 0 0)
(GridOrigin -40.5 -40.5)
(GridSize 16 16)
(GridSpacing 32 32)
(HowToCombineTransforms "Compose")
(Index 0 0)
(InitialTransformParametersFileName "NoInitialTransform")
(MovingImageDimension 2)
(MovingInternalImagePixelType "float")
(NumberOfParameters 512)
(Origin 0 0)
(Size 400 400)
(Spacing 1 1)
(Transform "BSplineTransform")
(TransformParameters 61.982424098794944 63.601517132583666 59.98731770616368 53.18794992945165 43.901433158673036 35.46737934729787 29.003258941490536 23.52394224098546 17.635401546343275 10.75345798719329 2.8712167476918498 -6.47200548716233 -16.77948135636495 -25.600009022437177 -31.217197549842375 -36.86249113146345 62.32929949379529 64.09436044666975 57.96780915926734 50.26868087395071 42.12176275196215 33.47310199481472 28.335181267107757 26.93105276072279 22.31659106136729 18.227741450052097 11.387276662912585 4.497635871883493 -6.356378314273561 -15.430894012232814 -21.671588782494503 -29.524173358222775 57.892950150345534 58.053246954491556 50.41791882597119 43.666551104338716 40.32929411122106 31.056205179940342 27.56387407230522 30.980614916456936 20.939603900569313 21.16705236589536 18.60109377624862 10.301762033465629 2.1733979178592704 -6.25872471580556 -13.638550159140566 -23.770041331726745 52.25516215109858 51.108296698066226 43.843303108618834 36.140396888719536 36.735974411350824 28.119487716840172 26.71605778299395 32.503733813447184 23.765185059296485 26.28771930007616 22.271219614959723 16.39864681828744 12.522490554338287 2.8353174556134304 -5.1494631521302665 -16.2342187250538 46.0425547294276 44.72333409142875 38.79411697525229 30.588016154841068 34.00527122014484 26.001325886951 24.984069188636408 31.68690133094068 27.134211262917027 34.78284275131783 26.563530361496714 22.972242587606676 21.28863676918483 10.454265677232875 2.944741051538124 -8.400358542485792 39.45754438372335 38.17786730198964 33.61691344477678 26.65742495149534 32.82986721968322 24.456385967616043 20.518848843409042 31.380679551095984 37.22442897821264 40.65028680582594 33.625941205735664 31.913589099668826 29.511702614036512 16.577650925242995 10.79017348696913 -0.23760119771018548 33.11803550970024 32.18165640860315 28.564972905293544 22.06672629063595 30.944487088939564 23.27889204156872 15.798815185311263 22.1925942384915 37.84313890658458 40.607823579501044 40.88277306371626 40.20368807720464 34.730569708968595 24.985148498417097 19.02777681731835 8.132497505551466 28.1487232671676 27.56329264561508 24.327375184591826 18.398312506174303 27.462043054112822 21.11377217045088 18.128071353854352 30.857023883854307 40.89995069555097 43.56469846975572 45.54078947372519 45.30167562122934 41.040284801472495 32.436241518774374 26.545418075855547 16.855915255908478 24.697610285291052 23.52869195725775 20.71156180477449 15.208916271942172 22.065637799033485 19.32243208540543 22.32613809615699 35.21544207921064 41.94620067037262 47.42577436873142 48.53952929771102 47.007916508962275 42.45391567657617 36.68484182538081 33.70541576387215 25.83452227801796 22.489359433372364 21.81280649757927 18.658543370261054 13.36452848967263 17.99486025297147 18.54654054673155 25.142718531197914 35.08662127710092 41.806323175869004 49.837704249168134 52.355589691565676 49.91640085872828 42.346310623153464 39.422875540116635 40.92768436257422 34.89212085019791 21.09639658927466 20.678882100254395 17.54455007950048 13.3056463530484 17.074238239782773 18.119055105632153 26.6280208699039 36.86145504017346 43.72277937782446 50.482277904827406 53.30130118580092 53.246800363840826 49.3669002164879 47.914336907037075 47.987952726774864 43.56257794325098 20.221709038240398 21.19101247544983 17.649611557641418 17.895118330864292 18.226786763379398 17.498151534097516 26.333113254308138 37.89502292990381 44.171470029582295 49.2274231935289 51.212932327968126 50.94039441085157 51.726786233755 51.860524991337094 52.990861443120586 50.90523249649839 19.709289830407368 23.996676432384184 18.936403056820815 21.868942628226357 19.450647170312735 18.27074858772755 27.688273138525805 37.46885506512812 43.65146497323984 48.29763067355404 49.99385634304328 46.159834784474704 43.25318576262635 50.15480986675155 56.056257870739856 56.591730693647804 19.14855845392506 26.58389264374068 26.188755851800337 21.468494196023673 18.78916826247849 20.61616019349477 29.071499663503506 37.656481302115296 43.0761037915624 44.37145811612 42.693583464980506 42.98068870730818 33.31181291662266 47.81142102817171 58.567761286516685 60.58980417814072 18.844304150872514 24.40457881897837 24.161576228901534 23.297102279141793 22.68755797996928 24.74691959983296 30.035829315908924 35.56822324082996 40.06331204861329 42.89496014978973 44.4918468663394 46.57300394915898 48.54515097046445 55.11305602375979 61.037859401883935 63.274711432166725 14.55154679052897 20.363265323287425 21.17230746956488 22.75391731369493 24.367666828659758 26.06023278384984 27.860414807633685 30.17782782320154 33.11439488296467 36.566315888785425 40.44446789399093 44.61909906301257 48.985186574726036 53.747796085406904 58.00390422638795 59.9878659928611 67.81611688645248 70.1576161377933 66.94823816575213 63.703857425577084 60.79617724779218 58.70521630598325 57.57859873481136 57.479674799836545 58.35406392403373 59.507944117264444 60.5819888001389 61.67604319214066 62.71293727963997 63.067125646946096 63.71283272657217 54.24660243604579 64.2458202023943 64.56100519481124 59.40023482871639 54.466875187718 50.43405990002474 47.86221425574947 45.683642600542676 45.10806383916416 46.6689099231092 47.76111998650409 47.62534984240701 48.769274332915714 51.11611100048061 53.34074209734237 56.497188065487244 50.80111989837717 58.625266098682786 55.48774520608444 48.71724891470303 43.89519757998642 41.07420196793826 39.54379518799848 37.91200537013743 38.38218649051258 39.71685099919333 39.615371985734335 39.239599951391554 39.03152019445961 41.91158821982839 42.580282977633395 46.64020513108103 45.168162827506144 48.99530453070546 45.59503211136934 41.776806071903444 36.94861065777646 33.94069719527375 30.92693291143688 27.985489178968283 24.465191482318083 23.698207856278362 23.055543921207224 24.11643159025665 26.65559527806913 28.977345936731737 35.10045094779654 39.04501690256969 37.800088485815486 37.65360363400061 35.44666418495151 32.91839932200574 30.25110567753767 27.14210772985486 24.95492166833266 24.056258482628767 20.283159148452604 7.778431805080974 6.15786730283778 17.479323661784584 23.546652360394347 24.275813373147482 26.76578299497115 29.23875959095357 29.89296005985884 29.980834093830918 29.358764986267825 25.40429131871538 26.268255801050763 21.752966998355934 21.402217972431153 19.271480190650635 19.622042903100144 16.282190902953403 16.789026715732238 18.767436396264667 18.095774447190205 19.314255694086203 19.820760851494224 22.389963220202112 23.22806668289169 26.24546139859171 26.49288449464205 25.4722540667978 23.637887052411383 22.027943531722734 21.926890148334575 21.364133213479228 24.276739421538064 22.548653606018245 20.808842708920334 18.58665714269715 16.664255223507006 17.59836465619474 17.99121908393396 18.485438352903216 18.100603991452328 23.41595103960964 24.732364985814918 25.378865769053753 24.138692660562697 26.341993674257218 27.97758224859124 29.734983957021477 26.695251450982102 23.1872246182136 23.29229916311341 25.34672245997149 23.04697620955717 21.66841505870203 16.95177441587984 16.052500086014884 14.091706447138744 20.01524230599155 22.145847500740835 22.7475107105789 22.812662154163064 22.808644719603596 20.332322939766026 19.617354220587465 19.045255002071826 24.039928901950493 20.3282859797449 15.936092244257948 14.81086445296598 14.144872520769875 12.788610500888362 14.217284023755916 11.071506748921157 15.492498788415496 21.772960578627387 24.283518905946934 28.11056130597052 30.13445372750199 30.93989950161196 29.815212030128098 30.522689632626435 32.89689593820949 30.743756417474565 25.81556404706282 21.176175376354628 17.728660812827897 14.541872814934209 13.226126509140295 8.899611058797142 10.955977500109492 21.046895625272036 26.244831086882247 34.81189495975422 37.25289406536145 39.72007663058072 40.397447237866736 40.87031806968986 40.32634180910423 37.96433620557019 34.10363343846433 28.60460335988433 23.176613632474076 13.637423284197778 12.876088619843294 7.5934168074343225 9.627471069999112 20.27245794787936 27.256919373091048 32.51981936656694 38.539804594623284 41.63774817641314 43.22496150129792 45.35245048726307 44.79086012264861 41.70168789448907 36.43405974094465 28.154903156434724 21.84928542780051 15.561452880647805 13.355550590335358 7.439747358500932 12.22674493567371 21.98959944929754 25.547915684517335 28.805971214710638 37.41631376632988 42.67842203553351 48.32859592062879 50.78603283903863 50.0763813604195 44.323881055840516 36.92553629950047 33.39885132369998 22.90400962559629 16.68383348464289 14.72825428714162 8.298281502758025 15.666996117586528 24.956004275232658 30.343734121724616 37.01925959976649 42.27555375125314 46.89731666438746 53.81667302849277 56.656632094250824 54.96644572188229 48.826454222736984 40.79097921071858 37.48846126984445 24.34451264252125 18.893630917609975 17.709307825763513 9.9793831515274 17.935607420660613 27.22801060163338 31.326126160135093 37.484997749553536 44.168467615466966 51.29551103331067 57.66439003588951 60.56572655008873 59.25054019769149 54.26325164434135 46.63606533898145 38.441259701432706 29.988291066743617 24.04627488499326 20.848439366508014 11.446753165241292 23.21856001280466 33.002792655814225 36.56008615835091 42.19248575908519 48.22680621833983 54.40805536691462 59.672473459976096 62.43434658335332 62.06014218366367 58.59018637316564 52.62383771772564 45.56448977490023 38.526644991765565 31.944913661428235 27.807222680458654 16.308814168378337)
(UseCyclicTransform "false")
(UseDirectionCosines "true")

// ResampleInterpolator specific
(FinalBSplineInterpolationOrder 3)
(ResampleInterpolator "FinalBSplineInterpolator")

// Resampler specific
(CompressResultImage "false")
(DefaultPixelValue 0)
(Resampler "DefaultResampler")
(ResultImageFormat "mhd")
(ResultImagePixelType "float")
